       2455593.50000   5613.12
       2455593.52083   5613.12
       2455593.54167   5457.90
       2455593.56250   5745.44
       2455593.58333   5486.41
       2455593.60417   5271.37
       2455593.62500   5127.50
       2455593.64583   5041.97
       2455593.66667   5017.25
       2455593.68750   5124.61
       2455593.70833   5284.15
       2455593.72917   5706.69
       2455593.75000   6049.37
       2455593.77083   6558.49
       2455593.79167   7077.84
       2455593.81250   7390.83
       2455593.83333   7817.00
       2455593.85417   8276.09
       2455593.87500   8524.11
       2455593.89583   8712.96
       2455593.91667   8981.96
       2455593.93750   9130.24
       2455593.95833   9290.07
       2455593.97917   9359.84
       2455594.00000   9470.88
       2455594.02083   9570.29
       2455594.04167   9531.24
       2455594.06250   9521.00
       2455594.08333   9358.38
       2455594.10417   9022.88
       2455594.12500   8829.89
       2455594.14583   8671.54
       2455594.16667   8470.57
       2455594.18750   8277.32
       2455594.20833   7958.83
       2455594.22917   7564.31
       2455594.25000   7362.79
       2455594.27083   7008.84
       2455594.29167   6777.86
       2455594.31250   6551.24
       2455594.33333   6434.72
       2455594.35417   6398.76
       2455594.37500   6201.72
       2455594.39583   5944.23
       2455594.41667   5665.59
       2455594.43750   5431.76
       2455594.45833   5299.64
       2455594.47917   5505.18
       2455594.50000   5336.36
       2455594.52083   5106.02
       2455594.54167   4983.64
       2455594.56250   5244.45
       2455594.58333   5078.82
       2455594.60417   4898.53
       2455594.62500   4779.80
       2455594.64583   4741.22
       2455594.66667   4731.60
       2455594.68750   4839.97
       2455594.70833   5082.76
       2455594.72917   5482.53
       2455594.75000   5783.50
       2455594.77083   6179.99
       2455594.79167   6454.27
       2455594.81250   6524.45
       2455594.83333   6632.11
       2455594.85417   6816.14
       2455594.87500   6934.29
       2455594.89583   7043.64
       2455594.91667   7184.71
       2455594.93750   7295.03
       2455594.95833   7465.25
       2455594.97917   7507.34
       2455595.00000   7591.24
       2455595.02083   7710.00
       2455595.04167   7883.77
       2455595.06250   8030.32
       2455595.08333   8170.81
       2455595.10417   8259.98
       2455595.12500   8355.33
       2455595.14583   8482.52
       2455595.16667   8594.05
       2455595.18750   8598.66
       2455595.20833   8479.46
       2455595.22917   8223.55
       2455595.25000   8028.87
       2455595.27083   7827.70
       2455595.29167   7668.04
       2455595.31250   7435.54
       2455595.33333   7367.62
       2455595.35417   7294.38
       2455595.37500   7042.31
       2455595.39583   6698.02
       2455595.41667   6319.13
       2455595.43750   6079.25
       2455595.45833   5898.01
       2455595.47917   6043.57
       2455595.50000   5793.54
       2455595.52083   5527.81
       2455595.54167   5365.07
       2455595.56250   5661.36
       2455595.58333   5454.33
       2455595.60417   5258.08
       2455595.62500   5118.77
       2455595.64583   5126.51
       2455595.66667   5106.33
       2455595.68750   5201.38
       2455595.70833   5364.32
       2455595.72917   5670.67
       2455595.75000   6017.56
       2455595.77083   6387.74
       2455595.79167   6686.89
       2455595.81250   6800.88
       2455595.83333   6913.42
       2455595.85417   7015.17
       2455595.87500   7016.00
       2455595.89583   7105.18
       2455595.91667   7074.48
       2455595.93750   7067.95
       2455595.95833   7081.49
       2455595.97917   7134.21
       2455596.00000   7203.13
       2455596.02083   7298.59
       2455596.04167   7387.70
       2455596.06250   7426.30
       2455596.08333   7502.94
       2455596.10417   7570.27
       2455596.12500   7594.67
       2455596.14583   7681.77
       2455596.16667   7734.47
       2455596.18750   7735.98
       2455596.20833   7603.08
       2455596.22917   7276.72
       2455596.25000   7019.60
       2455596.27083   6789.37
       2455596.29167   6608.30
       2455596.31250   6548.60
       2455596.33333   6476.33
       2455596.35417   6421.62
       2455596.37500   6172.52
       2455596.39583   5911.00
       2455596.41667   5627.71
       2455596.43750   5545.85
       2455596.45833   5403.78
       2455596.47917   5557.50
       2455596.50000   5377.36
       2455596.52083   5173.48
       2455596.54167   5008.35
       2455596.56250   5326.22
       2455596.58333   5146.23
       2455596.60417   4959.55
       2455596.62500   4856.54
       2455596.64583   4771.18
       2455596.66667   4783.02
       2455596.68750   4911.84
       2455596.70833   5073.84
       2455596.72917   5441.73
       2455596.75000   5785.28
       2455596.77083   6213.30
       2455596.79167   6591.42
       2455596.81250   6655.40
       2455596.83333   6759.48
       2455596.85417   6951.79
       2455596.87500   7131.95
       2455596.89583   7167.41
       2455596.91667   7245.03
       2455596.93750   7315.28
       2455596.95833   7386.86
       2455596.97917   7444.52
       2455597.00000   7525.52
       2455597.02083   7618.09
       2455597.04167   7671.19
       2455597.06250   7723.55
       2455597.08333   7715.56
       2455597.10417   7702.05
       2455597.12500   7703.57
       2455597.14583   7908.10
       2455597.16667   8033.26
       2455597.18750   7947.75
       2455597.20833   7791.17
       2455597.22917   7545.53
       2455597.25000   7358.82
       2455597.27083   7136.55
       2455597.29167   6880.91
       2455597.31250   6547.23
       2455597.33333   6498.86
       2455597.35417   6358.28
       2455597.37500   6170.19
       2455597.39583   5950.96
       2455597.41667   5769.29
       2455597.43750   5686.62
       2455597.45833   5577.20
       2455597.47917   5695.82
       2455597.50000   5527.06
       2455597.52083   5275.03
       2455597.54167   5127.83
       2455597.56250   5399.54
       2455597.58333   5230.97
       2455597.60417   4930.54
       2455597.62500   4784.44
       2455597.64583   4731.70
       2455597.66667   4641.75
       2455597.68750   4646.55
       2455597.70833   4665.39
       2455597.72917   4808.09
       2455597.75000   4881.93
       2455597.77083   5043.18
       2455597.79167   5204.89
       2455597.81250   5229.17
       2455597.83333   5422.86
       2455597.85417   5583.30
       2455597.87500   5638.78
       2455597.89583   5619.14
       2455597.91667   5655.80
       2455597.93750   5697.42
       2455597.95833   5711.18
       2455597.97917   5641.80
       2455598.00000   5564.56
       2455598.02083   5488.57
       2455598.04167   5462.02
       2455598.06250   5344.04
       2455598.08333   5315.57
       2455598.10417   5329.43
       2455598.12500   5267.99
       2455598.14583   5298.96
       2455598.16667   5378.27
       2455598.18750   5483.91
       2455598.20833   5503.54
       2455598.22917   5462.31
       2455598.25000   5420.78
       2455598.27083   5274.55
       2455598.29167   5141.49
       2455598.31250   5012.60
       2455598.33333   4982.95
       2455598.35417   4996.59
       2455598.37500   4944.47
       2455598.39583   4777.39
       2455598.41667   4673.37
       2455598.43750   4554.60
       2455598.45833   4522.58
       2455598.47917   4735.15
       2455598.50000   4635.18
       2455598.52083   4471.83
       2455598.54167   4299.85
       2455598.56250   4564.22
       2455598.58333   4439.13
       2455598.60417   4221.56
       2455598.62500   4093.13
       2455598.64583   4027.71
       2455598.66667   3920.86
       2455598.68750   3879.51
       2455598.70833   3923.26
       2455598.72917   4005.48
       2455598.75000   4010.64
       2455598.77083   4150.94
       2455598.79167   4325.33
       2455598.81250   4406.64
       2455598.83333   4510.03
       2455598.85417   4638.72
       2455598.87500   4784.52
       2455598.89583   4876.94
       2455598.91667   4932.15
       2455598.93750   5031.95
       2455598.95833   5033.74
       2455598.97917   5085.28
       2455599.00000   5039.86
       2455599.02083   5058.59
       2455599.04167   4996.98
       2455599.06250   4924.44
       2455599.08333   4929.40
       2455599.10417   4871.48
       2455599.12500   4854.46
       2455599.14583   4928.92
       2455599.16667   4977.23
       2455599.18750   5070.13
       2455599.20833   5154.01
       2455599.22917   5135.18
       2455599.25000   5142.48
       2455599.27083   5126.86
       2455599.29167   5099.74
       2455599.31250   5102.96
       2455599.33333   5237.44
       2455599.35417   5279.67
       2455599.37500   5208.40
       2455599.39583   5003.55
       2455599.41667   4721.12
       2455599.43750   4665.71
       2455599.45833   4639.55
       2455599.47917   4781.70
       2455599.50000   4738.24
       2455599.52083   4604.19
       2455599.54167   4516.49
       2455599.56250   4706.99
       2455599.58333   4650.52
       2455599.60417   4568.44
       2455599.62500   4524.45
       2455599.64583   4518.18
       2455599.66667   4494.64
       2455599.68750   4595.82
       2455599.70833   4757.13
       2455599.72917   5094.55
       2455599.75000   5454.82
       2455599.77083   5909.22
       2455599.79167   6232.04
       2455599.81250   6132.55
       2455599.83333   6180.45
       2455599.85417   6242.33
       2455599.87500   6276.13
       2455599.89583   6336.27
       2455599.91667   6301.37
       2455599.93750   6328.85
       2455599.95833   6392.47
       2455599.97917   6336.47
       2455600.00000   6338.94
       2455600.02083   6324.91
       2455600.04167   6279.02
       2455600.06250   6241.68
       2455600.08333   6223.48
       2455600.10417   6237.77
       2455600.12500   6212.69
       2455600.14583   6226.35
       2455600.16667   6259.18
       2455600.18750   6212.87
       2455600.20833   6149.58
       2455600.22917   5975.33
       2455600.25000   5860.89
       2455600.27083   5673.76
       2455600.29167   5602.86
       2455600.31250   5597.21
       2455600.33333   5673.42
       2455600.35417   5633.09
       2455600.37500   5501.38
       2455600.39583   5290.32
       2455600.41667   5125.15
       2455600.43750   4994.76
       2455600.45833   4895.18
       2455600.47917   5087.52
       2455600.50000   5018.72
       2455600.52083   4846.53
       2455600.54167   4694.73
       2455600.56250   5038.75
       2455600.58333   4895.71
       2455600.60417   4701.88
       2455600.62500   4549.97
       2455600.64583   4507.19
       2455600.66667   4474.96
       2455600.68750   4535.36
       2455600.70833   4728.73
       2455600.72917   5035.37
       2455600.75000   5385.93
       2455600.77083   5815.64
       2455600.79167   6052.79
       2455600.81250   6088.95
       2455600.83333   6058.85
       2455600.85417   6109.04
       2455600.87500   6152.28
       2455600.89583   6171.03
       2455600.91667   6250.14
       2455600.93750   6260.07
       2455600.95833   6292.17
       2455600.97917   6281.36
       2455601.00000   6296.54
       2455601.02083   6309.35
       2455601.04167   6323.08
       2455601.06250   6340.32
       2455601.08333   6309.94
       2455601.10417   6239.24
       2455601.12500   6250.09
       2455601.14583   6269.47
       2455601.16667   6282.78
       2455601.18750   6245.27
       2455601.20833   6172.72
       2455601.22917   6070.05
       2455601.25000   5890.43
       2455601.27083   5741.61
       2455601.29167   5664.24
       2455601.31250   5565.76
       2455601.33333   5658.54
       2455601.35417   5657.68
       2455601.37500   5509.93
       2455601.39583   5293.42
       2455601.41667   5072.60
       2455601.43750   4956.75
       2455601.45833   4854.56
       2455601.47917   5034.99
       2455601.50000   4901.99
       2455601.52083   4716.67
       2455601.54167   4610.67
       2455601.56250   4940.82
       2455601.58333   4775.13
       2455601.60417   4551.87
       2455601.62500   4454.39
       2455601.64583   4375.16
       2455601.66667   4371.50
       2455601.68750   4490.99
       2455601.70833   4630.13
       2455601.72917   5036.65
       2455601.75000   5407.75
       2455601.77083   5883.91
       2455601.79167   6207.31
       2455601.81250   6199.44
       2455601.83333   6173.87
       2455601.85417   6223.48
       2455601.87500   6208.89
       2455601.89583   6221.67
       2455601.91667   6279.53
       2455601.93750   6336.20
       2455601.95833   6405.05
       2455601.97917   6454.74
       2455602.00000   6522.72
       2455602.02083   6629.69
       2455602.04167   6703.70
       2455602.06250   6799.70
       2455602.08333   6853.38
       2455602.10417   6851.07
       2455602.12500   6841.50
       2455602.14583   6915.23
       2455602.16667   6959.48
       2455602.18750   6923.68
       2455602.20833   6772.23
       2455602.22917   6519.21
       2455602.25000   6374.81
       2455602.27083   6222.65
       2455602.29167   6121.50
       2455602.31250   6050.78
       2455602.33333   6108.55
       2455602.35417   6026.57
       2455602.37500   5855.72
       2455602.39583   5677.96
       2455602.41667   5404.37
       2455602.43750   5221.90
       2455602.45833   5115.83
       2455602.47917   5289.71
       2455602.50000   5198.72
       2455602.52083   4957.98
       2455602.54167   4826.69
       2455602.56250   5146.02
       2455602.58333   4944.01
       2455602.60417   4783.09
       2455602.62500   4683.51
       2455602.64583   4615.14
       2455602.66667   4622.80
       2455602.68750   4698.27
       2455602.70833   4872.22
       2455602.72917   5195.59
       2455602.75000   5583.08
       2455602.77083   6046.15
       2455602.79167   6400.77
       2455602.81250   6453.53
       2455602.83333   6514.34
       2455602.85417   6654.21
       2455602.87500   6700.86
       2455602.89583   6736.03
       2455602.91667   6843.40
       2455602.93750   7051.42
       2455602.95833   7134.41
       2455602.97917   7227.96
       2455603.00000   7291.02
       2455603.02083   7392.93
       2455603.04167   7485.28
       2455603.06250   7515.66
       2455603.08333   7561.60
       2455603.10417   7552.12
       2455603.12500   7531.46
       2455603.14583   7583.68
       2455603.16667   7640.81
       2455603.18750   7610.81
       2455603.20833   7530.51
       2455603.22917   7305.11
       2455603.25000   7179.68
       2455603.27083   7041.04
       2455603.29167   6981.76
       2455603.31250   6949.42
       2455603.33333   6949.53
       2455603.35417   6647.71
       2455603.37500   6386.86
       2455603.39583   6096.91
       2455603.41667   5835.86
       2455603.43750   5645.40
       2455603.45833   5499.63
       2455603.47917   5714.56
       2455603.50000   5518.36
       2455603.52083   5267.55
       2455603.54167   5112.75
       2455603.56250   5478.35
       2455603.58333   5312.23
       2455603.60417   5117.64
       2455603.62500   5011.65
       2455603.64583   4975.54
       2455603.66667   4976.46
       2455603.68750   5073.66
       2455603.70833   5266.90
       2455603.72917   5639.91
       2455603.75000   5988.30
       2455603.77083   6453.75
       2455603.79167   6804.71
       2455603.81250   6924.90
       2455603.83333   7022.22
       2455603.85417   7120.41
       2455603.87500   7166.03
       2455603.89583   7226.91
       2455603.91667   7297.53
       2455603.93750   7355.13
       2455603.95833   7419.57
       2455603.97917   7394.65
       2455604.00000   7288.27
       2455604.02083   7257.94
       2455604.04167   7224.69
       2455604.06250   7122.90
       2455604.08333   6996.66
       2455604.10417   6842.44
       2455604.12500   6781.32
       2455604.14583   6738.30
       2455604.16667   6696.35
       2455604.18750   6566.55
       2455604.20833   6465.83
       2455604.22917   6309.29
       2455604.25000   6202.33
       2455604.27083   6018.18
       2455604.29167   5895.74
       2455604.31250   5813.73
       2455604.33333   5740.60
       2455604.35417   5620.50
       2455604.37500   5461.24
       2455604.39583   5292.12
       2455604.41667   5095.95
       2455604.43750   5012.78
       2455604.45833   4909.32
       2455604.47917   5068.40
       2455604.50000   4971.60
       2455604.52083   4746.30
       2455604.54167   4590.01
       2455604.56250   4851.79
       2455604.58333   4667.02
       2455604.60417   4479.37
       2455604.62500   4343.09
       2455604.64583   4354.46
       2455604.66667   4270.81
       2455604.68750   4330.72
       2455604.70833   4285.57
       2455604.72917   4428.04
       2455604.75000   4544.73
       2455604.77083   4649.76
       2455604.79167   4856.19
       2455604.81250   5006.42
       2455604.83333   5160.00
       2455604.85417   5318.03
       2455604.87500   5344.61
       2455604.89583   5389.60
       2455604.91667   5392.57
       2455604.93750   5431.71
       2455604.95833   5449.97
       2455604.97917   5441.16
       2455605.00000   5440.71
       2455605.02083   5420.32
       2455605.04167   5373.33
       2455605.06250   5360.95
       2455605.08333   5385.48
       2455605.10417   5383.31
       2455605.12500   5334.35
       2455605.14583   5366.14
       2455605.16667   5395.96
       2455605.18750   5373.23
       2455605.20833   5376.42
       2455605.22917   5331.16
       2455605.25000   5289.76
       2455605.27083   5188.41
       2455605.29167   5142.25
       2455605.31250   5056.44
       2455605.33333   5160.06
       2455605.35417   5224.46
       2455605.37500   5152.04
       2455605.39583   5061.79
       2455605.41667   4922.81
       2455605.43750   4822.64
       2455605.45833   4801.41
       2455605.47917   5005.39
       2455605.50000   4932.43
       2455605.52083   4682.13
       2455605.54167   4503.91
       2455605.56250   4852.60
       2455605.58333   4656.71
       2455605.60417   4501.66
       2455605.62500   4334.44
       2455605.64583   4288.75
       2455605.66667   4186.90
       2455605.68750   4194.24
       2455605.70833   4198.49
       2455605.72917   4295.36
       2455605.75000   4300.52
       2455605.77083   4403.45
       2455605.79167   4552.99
       2455605.81250   4687.53
       2455605.83333   4819.27
       2455605.85417   4958.83
       2455605.87500   5023.46
       2455605.89583   5078.72
       2455605.91667   5077.31
       2455605.93750   5194.82
       2455605.95833   5216.92
       2455605.97917   5231.70
       2455606.00000   5275.93
       2455606.02083   5265.75
       2455606.04167   5236.52
       2455606.06250   5221.69
       2455606.08333   5212.51
       2455606.10417   5249.62
       2455606.12500   5199.20
       2455606.14583   5277.02
       2455606.16667   5289.91
       2455606.18750   5345.36
       2455606.20833   5395.22
       2455606.22917   5406.20
       2455606.25000   5381.53
       2455606.27083   5311.19
       2455606.29167   5265.80
       2455606.31250   5266.14
       2455606.33333   5379.10
       2455606.35417   5370.45
       2455606.37500   5287.09
       2455606.39583   5107.43
       2455606.41667   4887.32
       2455606.43750   4744.59
       2455606.45833   4671.07
       2455606.47917   4930.43
       2455606.50000   4808.28
       2455606.52083   4646.83
       2455606.54167   4572.80
       2455606.56250   4868.14
       2455606.58333   4747.84
       2455606.60417   4613.24
       2455606.62500   4487.50
       2455606.64583   4389.40
       2455606.66667   4357.16
       2455606.68750   4463.57
       2455606.70833   4643.37
       2455606.72917   4997.15
       2455606.75000   5311.75
       2455606.77083   5745.13
       2455606.79167   6026.07
       2455606.81250   5959.90
       2455606.83333   6030.32
       2455606.85417   6155.78
       2455606.87500   6250.09
       2455606.89583   6310.50
       2455606.91667   6366.33
       2455606.93750   6463.43
       2455606.95833   6499.78
       2455606.97917   6513.53
       2455607.00000   6570.89
       2455607.02083   6603.96
       2455607.04167   6667.79
       2455607.06250   6742.96
       2455607.08333   6729.41
       2455607.10417   6771.85
       2455607.12500   6750.94
       2455607.14583   6856.76
       2455607.16667   6904.78
       2455607.18750   6855.19
       2455607.20833   6780.85
       2455607.22917   6559.57
       2455607.25000   6423.96
       2455607.27083   6204.45
       2455607.29167   6058.49
       2455607.31250   5950.90
       2455607.33333   6047.51
       2455607.35417   5998.48
       2455607.37500   5809.19
       2455607.39583   5603.07
       2455607.41667   5375.04
       2455607.43750   5229.96
       2455607.45833   5126.57
       2455607.47917   5374.36
       2455607.50000   5226.46
       2455607.52083   5039.07
       2455607.54167   4927.14
       2455607.56250   5237.72
       2455607.58333   5033.61
       2455607.60417   4855.77
       2455607.62500   4738.59
       2455607.64583   4722.22
       2455607.66667   4717.04
       2455607.68750   4832.14
       2455607.70833   4997.30
       2455607.72917   5264.30
       2455607.75000   5564.10
       2455607.77083   5938.65
       2455607.79167   6175.48
       2455607.81250   6227.32
       2455607.83333   6362.76
       2455607.85417   6352.79
       2455607.87500   6507.00
       2455607.89583   6774.17
       2455607.91667   6886.34
       2455607.93750   6986.33
       2455607.95833   7108.65
       2455607.97917   7196.92
       2455608.00000   7286.02
       2455608.02083   7391.32
       2455608.04167   7473.48
       2455608.06250   7567.80
       2455608.08333   7597.01
       2455608.10417   7595.42
       2455608.12500   7628.71
       2455608.14583   7679.53
       2455608.16667   7727.71
       2455608.18750   7641.76
       2455608.20833   7554.39
       2455608.22917   7304.31
       2455608.25000   7069.57
       2455608.27083   6799.64
       2455608.29167   6615.14
       2455608.31250   6451.53
       2455608.33333   6508.89
       2455608.35417   6349.59
       2455608.37500   6149.59
       2455608.39583   5907.67
       2455608.41667   5641.94
       2455608.43750   5444.11
       2455608.45833   5350.63
       2455608.47917   5460.51
       2455608.50000   5271.37
       2455608.52083   5064.72
       2455608.54167   4972.94
       2455608.56250   5303.62
       2455608.58333   5093.87
       2455608.60417   4922.39
       2455608.62500   4772.11
       2455608.64583   4711.01
       2455608.66667   4736.01
       2455608.68750   4798.87
       2455608.70833   4972.00
       2455608.72917   5357.60
       2455608.75000   5675.63
       2455608.77083   6103.13
       2455608.79167   6446.79
       2455608.81250   6511.26
       2455608.83333   6619.46
       2455608.85417   6843.84
       2455608.87500   6934.25
       2455608.89583   6976.04
       2455608.91667   7042.43
       2455608.93750   7122.90
       2455608.95833   7233.68
       2455608.97917   7301.60
       2455609.00000   7371.53
       2455609.02083   7451.86
       2455609.04167   7560.61
       2455609.06250   7644.25
       2455609.08333   7667.40
       2455609.10417   7634.09
       2455609.12500   7635.63
       2455609.14583   7648.33
       2455609.16667   7595.53
       2455609.18750   7460.37
       2455609.20833   7247.07
       2455609.22917   6997.83
       2455609.25000   6800.59
       2455609.27083   6632.48
       2455609.29167   6528.25
       2455609.31250   6420.07
       2455609.33333   6393.22
       2455609.35417   6239.72
       2455609.37500   6020.43
       2455609.39583   5772.00
       2455609.41667   5512.18
       2455609.43750   5372.38
       2455609.45833   5275.13
       2455609.47917   5442.30
       2455609.50000   5286.59
       2455609.52083   5059.43
       2455609.54167   4977.56
       2455609.56250   5304.14
       2455609.58333   5128.56
       2455609.60417   4937.94
       2455609.62500   4813.64
       2455609.64583   4755.79
       2455609.66667   4780.53
       2455609.68750   4925.06
       2455609.70833   5079.85
       2455609.72917   5500.17
       2455609.75000   5821.57
       2455609.77083   6352.72
       2455609.79167   6682.48
       2455609.81250   6697.00
       2455609.83333   6778.76
       2455609.85417   6848.78
       2455609.87500   6972.60
       2455609.89583   6996.20
       2455609.91667   7102.42
       2455609.93750   7162.60
       2455609.95833   7215.49
       2455609.97917   7251.88
       2455610.00000   7284.12
       2455610.02083   7319.95
       2455610.04167   7378.53
       2455610.06250   7301.57
       2455610.08333   7332.75
       2455610.10417   7448.03
       2455610.12500   7530.89
       2455610.14583   7621.87
       2455610.16667   7623.13
       2455610.18750   7567.14
       2455610.20833   7480.03
       2455610.22917   7187.28
       2455610.25000   6964.26
       2455610.27083   6700.44
       2455610.29167   6557.76
       2455610.31250   6505.78
       2455610.33333   6487.97
       2455610.35417   6296.80
       2455610.37500   5986.21
       2455610.39583   5717.62
       2455610.41667   5481.40
       2455610.43750   5262.78
       2455610.45833   5160.25
       2455610.47917   5324.51
       2455610.50000   5201.33
       2455610.52083   4965.24
       2455610.54167   4884.39
       2455610.56250   5170.30
       2455610.58333   5016.62
       2455610.60417   4811.24
       2455610.62500   4670.96
       2455610.64583   4579.53
       2455610.66667   4625.46
       2455610.68750   4723.81
       2455610.70833   4900.39
       2455610.72917   5237.79
       2455610.75000   5602.25
       2455610.77083   6038.22
       2455610.79167   6306.45
       2455610.81250   6427.13
       2455610.83333   6511.13
       2455610.85417   6647.21
       2455610.87500   6780.02
       2455610.89583   6832.19
       2455610.91667   6898.20
       2455610.93750   6961.46
       2455610.95833   6983.83
       2455610.97917   7062.40
       2455611.00000   7124.25
       2455611.02083   7230.79
       2455611.04167   7286.84
       2455611.06250   7378.15
       2455611.08333   7433.47
       2455611.10417   7400.80
       2455611.12500   7411.76
       2455611.14583   7394.63
       2455611.16667   7397.29
       2455611.18750   7267.58
       2455611.20833   7172.64
       2455611.22917   6900.61
       2455611.25000   6708.62
       2455611.27083   6446.57
       2455611.29167   6323.25
       2455611.31250   6271.89
       2455611.33333   6213.40
       2455611.35417   6022.74
       2455611.37500   5754.72
       2455611.39583   5603.10
       2455611.41667   5384.19
       2455611.43750   5242.37
       2455611.45833   5058.13
       2455611.47917   5211.83
       2455611.50000   5040.76
       2455611.52083   4811.42
       2455611.54167   4660.92
       2455611.56250   4967.74
       2455611.58333   4806.28
       2455611.60417   4593.52
       2455611.62500   4413.22
       2455611.64583   4306.09
       2455611.66667   4249.99
       2455611.68750   4305.55
       2455611.70833   4367.68
       2455611.72917   4563.50
       2455611.75000   4721.43
       2455611.77083   4919.45
       2455611.79167   5111.88
       2455611.81250   5208.16
       2455611.83333   5407.94
       2455611.85417   5657.83
       2455611.87500   5810.48
       2455611.89583   5948.53
       2455611.91667   6025.17
       2455611.93750   6084.39
       2455611.95833   6072.86
       2455611.97917   6013.80
       2455612.00000   6010.60
       2455612.02083   5925.01
       2455612.04167   5913.23
       2455612.06250   5848.68
       2455612.08333   5787.24
       2455612.10417   5712.24
       2455612.12500   5763.74
       2455612.14583   5706.59
       2455612.16667   5757.83
       2455612.18750   5729.66
       2455612.20833   5695.06
       2455612.22917   5678.74
       2455612.25000   5568.33
       2455612.27083   5484.80
       2455612.29167   5399.71
       2455612.31250   5304.93
       2455612.33333   5435.75
       2455612.35417   5388.21
       2455612.37500   5278.61
       2455612.39583   5156.41
       2455612.41667   4996.81
       2455612.43750   4925.85
       2455612.45833   4807.23
       2455612.47917   4978.01
       2455612.50000   4862.98
       2455612.52083   4664.39
       2455612.54167   4548.69
       2455612.56250   4840.15
       2455612.58333   4696.52
       2455612.60417   4475.91
       2455612.62500   4306.86
       2455612.64583   4214.38
       2455612.66667   4112.04
       2455612.68750   4063.29
       2455612.70833   4050.21
       2455612.72917   4099.41
       2455612.75000   4092.18
       2455612.77083   4122.67
       2455612.79167   4269.60
       2455612.81250   4391.03
       2455612.83333   4543.47
       2455612.85417   4719.47
       2455612.87500   4810.50
       2455612.89583   4891.69
       2455612.91667   4856.85
       2455612.93750   4888.57
       2455612.95833   4923.66
       2455612.97917   4964.27
       2455613.00000   4985.00
       2455613.02083   4963.40
       2455613.04167   4892.79
       2455613.06250   4823.07
       2455613.08333   4843.64
       2455613.10417   4847.19
       2455613.12500   4884.47
       2455613.14583   4889.35
       2455613.16667   4976.52
       2455613.18750   5001.83
       2455613.20833   5047.60
       2455613.22917   5111.12
       2455613.25000   5063.38
       2455613.27083   5017.16
       2455613.29167   4993.76
       2455613.31250   4968.80
       2455613.33333   5125.03
       2455613.35417   5053.06
       2455613.37500   4952.38
       2455613.39583   4816.03
       2455613.41667   4588.18
       2455613.43750   4498.77
       2455613.45833   4427.50
       2455613.47917   4603.17
       2455613.50000   4530.27
       2455613.52083   4363.62
       2455613.54167   4314.59
       2455613.56250   4584.03
       2455613.58333   4494.24
       2455613.60417   4312.06
       2455613.62500   4206.08
       2455613.64583   4112.30
       2455613.66667   4147.13
       2455613.68750   4227.72
       2455613.70833   4423.24
       2455613.72917   4829.13
       2455613.75000   5196.81
       2455613.77083   5597.70
       2455613.79167   5952.57
       2455613.81250   5921.68
       2455613.83333   6007.05
       2455613.85417   6049.39
       2455613.87500   6050.80
       2455613.89583   6083.73
       2455613.91667   6079.48
       2455613.93750   6080.08
       2455613.95833   6075.97
       2455613.97917   6078.26
       2455614.00000   6105.46
       2455614.02083   6131.02
       2455614.04167   6092.60
       2455614.06250   6099.13
       2455614.08333   6070.33
       2455614.10417   6052.74
       2455614.12500   6056.65
       2455614.14583   6100.84
       2455614.16667   6154.50
       2455614.18750   6163.07
       2455614.20833   6138.14
       2455614.22917   5990.23
       2455614.25000   5880.09
       2455614.27083   5762.03
       2455614.29167   5703.97
       2455614.31250   5693.46
       2455614.33333   5839.89
       2455614.35417   5776.72
       2455614.37500   5622.14
       2455614.39583   5397.34
       2455614.41667   5178.70
       2455614.43750   5011.34
       2455614.45833   4874.48
       2455614.47917   5095.55
       2455614.50000   4990.14
       2455614.52083   4788.06
       2455614.54167   4636.92
       2455614.56250   4978.82
       2455614.58333   4848.16
       2455614.60417   4662.67
       2455614.62500   4546.05
       2455614.64583   4501.41
       2455614.66667   4513.46
       2455614.68750   4606.87
       2455614.70833   4781.69
       2455614.72917   5151.29
       2455614.75000   5532.38
       2455614.77083   5970.99
       2455614.79167   6272.08
       2455614.81250   6249.57
       2455614.83333   6255.67
       2455614.85417   6230.16
       2455614.87500   6210.85
       2455614.89583   6196.27
       2455614.91667   6185.05
       2455614.93750   6202.55
       2455614.95833   6251.19
       2455614.97917   6237.59
       2455615.00000   6218.45
       2455615.02083   6238.84
       2455615.04167   6285.23
       2455615.06250   6273.94
       2455615.08333   6275.14
       2455615.10417   6253.42
       2455615.12500   6215.94
       2455615.14583   6214.55
       2455615.16667   6237.71
       2455615.18750   6225.54
       2455615.20833   6170.96
       2455615.22917   5984.94
       2455615.25000   5904.41
       2455615.27083   5786.81
       2455615.29167   5722.13
       2455615.31250   5778.85
       2455615.33333   5888.42
       2455615.35417   5727.48
       2455615.37500   5556.60
       2455615.39583   5330.18
       2455615.41667   5088.80
       2455615.43750   4909.31
       2455615.45833   4858.47
       2455615.47917   5060.75
       2455615.50000   4923.98
       2455615.52083   4747.13
       2455615.54167   4618.19
       2455615.56250   4901.77
       2455615.58333   4803.76
       2455615.60417   4616.10
       2455615.62500   4478.44
       2455615.64583   4430.51
       2455615.66667   4372.15
       2455615.68750   4505.97
       2455615.70833   4743.40
       2455615.72917   5086.15
       2455615.75000   5475.84
       2455615.77083   5920.52
       2455615.79167   6245.58
       2455615.81250   6251.71
       2455615.83333   6271.64
       2455615.85417   6354.44
       2455615.87500   6365.42
       2455615.89583   6383.36
       2455615.91667   6449.64
       2455615.93750   6465.06
       2455615.95833   6361.34
       2455615.97917   6586.80
       2455616.00000   6626.64
       2455616.02083   6649.27
       2455616.04167   6652.11
       2455616.06250   6664.40
       2455616.08333   6692.80
       2455616.10417   6651.69
       2455616.12500   6669.18
       2455616.14583   6687.64
       2455616.16667   6724.85
       2455616.18750   6684.05
       2455616.20833   6532.77
       2455616.22917   6327.41
       2455616.25000   6199.82
       2455616.27083   5991.05
       2455616.29167   5873.56
       2455616.31250   5805.82
       2455616.33333   5920.70
       2455616.35417   5839.29
       2455616.37500   5639.43
       2455616.39583   5461.50
       2455616.41667   5205.40
       2455616.43750   5101.10
       2455616.45833   4999.19
       2455616.47917   5225.75
       2455616.50000   5115.21
       2455616.52083   4915.74
       2455616.54167   4795.78
       2455616.56250   5101.17
       2455616.58333   4930.54
       2455616.60417   4762.20
       2455616.62500   4649.36
       2455616.64583   4582.14
       2455616.66667   4605.57
       2455616.68750   4759.19
       2455616.70833   4922.33
       2455616.72917   5277.89
       2455616.75000   5665.13
       2455616.77083   6074.27
       2455616.79167   6355.98
       2455616.81250   6289.04
       2455616.83333   6270.26
       2455616.85417   6361.89
       2455616.87500   6423.34
       2455616.89583   6450.88
       2455616.91667   6496.44
       2455616.93750   6356.54
       2455616.95833   6597.17
       2455616.97917   6673.21
       2455617.00000   6720.77
       2455617.02083   6779.61
       2455617.04167   6822.40
       2455617.06250   6835.97
       2455617.08333   6905.61
       2455617.10417   6878.20
       2455617.12500   6892.82
       2455617.14583   6942.59
       2455617.16667   7010.78
       2455617.18750   6815.34
       2455617.20833   6755.41
       2455617.22917   6551.84
       2455617.25000   6380.06
       2455617.27083   6190.91
       2455617.29167   6098.72
       2455617.31250   6139.90
       2455617.33333   6164.60
       2455617.35417   5935.74
       2455617.37500   5720.35
       2455617.39583   5562.15
       2455617.41667   5274.99
       2455617.43750   5146.09
       2455617.45833   5073.41
       2455617.47917   5274.22
       2455617.50000   5167.55
       2455617.52083   4965.94
       2455617.54167   4781.31
       2455617.56250   5143.34
       2455617.58333   5018.99
       2455617.60417   4818.36
       2455617.62500   4685.59
       2455617.64583   4646.80
       2455617.66667   4634.05
       2455617.68750   4768.70
       2455617.70833   4943.44
       2455617.72917   5284.16
       2455617.75000   5655.75
       2455617.77083   6092.72
       2455617.79167   6353.50
       2455617.81250   6354.56
       2455617.83333   6393.19
       2455617.85417   6477.83
       2455617.87500   6490.09
       2455617.89583   6539.02
       2455617.91667   6572.27
       2455617.93750   6598.94
       2455617.95833   6620.03
       2455617.97917   6655.18
       2455618.00000   6703.05
       2455618.02083   6757.60
       2455618.04167   6763.61
       2455618.06250   6780.01
       2455618.08333   6719.56
       2455618.10417   6759.53
       2455618.12500   6740.65
       2455618.14583   6714.86
       2455618.16667   6677.24
       2455618.18750   6626.30
       2455618.20833   6567.69
       2455618.22917   6325.47
       2455618.25000   6220.96
       2455618.27083   6012.22
       2455618.29167   5962.34
       2455618.31250   5908.02
       2455618.33333   6004.31
       2455618.35417   5816.89
       2455618.37500   5668.70
       2455618.39583   5469.71
       2455618.41667   5329.61
       2455618.43750   5181.18
       2455618.45833   5133.39
       2455618.47917   5332.55
       2455618.50000   5150.00
       2455618.52083   4975.10
       2455618.54167   4855.26
       2455618.56250   5166.65
       2455618.58333   4942.41
       2455618.60417   4725.47
       2455618.62500   4561.28
       2455618.64583   4542.71
       2455618.66667   4504.69
       2455618.68750   4517.18
       2455618.70833   4579.47
       2455618.72917   4689.91
       2455618.75000   4865.64
       2455618.77083   5042.87
       2455618.79167   5217.72
       2455618.81250   5369.03
       2455618.83333   5478.45
       2455618.85417   5642.05
       2455618.87500   5695.19
       2455618.89583   5776.08
       2455618.91667   5836.70
       2455618.93750   5901.79
       2455618.95833   5941.41
       2455618.97917   5981.70
       2455619.00000   6030.21
       2455619.02083   6082.82
       2455619.04167   6105.94
       2455619.06250   6074.99
       2455619.08333   6103.60
       2455619.10417   6087.41
       2455619.12500   6199.82
       2455619.14583   6247.41
       2455619.16667   6283.05
       2455619.18750   6187.67
       2455619.20833   6158.00
       2455619.22917   6059.04
       2455619.25000   5974.42
       2455619.27083   5892.89
       2455619.29167   5814.06
       2455619.31250   5835.07
       2455619.33333   5791.81
       2455619.35417   5649.89
       2455619.37500   5558.75
       2455619.39583   5394.98
       2455619.41667   5234.47
       2455619.43750   5085.26
       2455619.45833   5045.81
       2455619.47917   5242.67
       2455619.50000   5100.29
       2455619.52083   4875.22
       2455619.54167   4771.02
       2455619.56250   5040.19
       2455619.58333   4887.48
       2455619.60417   4697.12
       2455619.62500   4556.57
       2455619.64583   4505.18
       2455619.66667   4464.29
       2455619.68750   4458.35
       2455619.70833   4451.33
       2455619.72917   4521.35
       2455619.75000   4591.54
       2455619.77083   4738.61
       2455619.79167   4878.33
       2455619.81250   4972.52
       2455619.83333   5045.56
       2455619.85417   5239.60
       2455619.87500   5321.30
       2455619.89583   5420.78
       2455619.91667   5477.54
       2455619.93750   5533.24
       2455619.95833   5512.29
       2455619.97917   5566.60
       2455620.00000   5525.69
       2455620.02083   5522.13
       2455620.04167   5493.03
       2455620.06250   5476.10
       2455620.08333   5464.26
       2455620.10417   5472.27
       2455620.12500   5483.88
       2455620.14583   5504.38
       2455620.16667   5598.52
       2455620.18750   5595.85
       2455620.20833   5699.23
       2455620.22917   5707.55
       2455620.25000   5634.23
       2455620.27083   5612.81
       2455620.29167   5565.00
       2455620.31250   5606.00
       2455620.33333   5632.73
       2455620.35417   5481.15
       2455620.37500   5344.17
       2455620.39583   5162.59
       2455620.41667   4962.85
       2455620.43750   4869.30
       2455620.45833   4791.96
       2455620.47917   5015.09
       2455620.50000   4902.76
       2455620.52083   4750.70
       2455620.54167   4623.83
       2455620.56250   5006.08
       2455620.58333   4840.35
       2455620.60417   4686.15
       2455620.62500   4583.51
       2455620.64583   4515.04
       2455620.66667   4547.16
       2455620.68750   4658.75
       2455620.70833   4843.75
       2455620.72917   5186.43
       2455620.75000   5598.22
       2455620.77083   6020.87
       2455620.79167   6380.35
       2455620.81250   6346.37
       2455620.83333   6398.12
       2455620.85417   6477.70
       2455620.87500   6569.02
       2455620.89583   6595.23
       2455620.91667   6577.66
       2455620.93750   6664.10
       2455620.95833   6664.14
       2455620.97917   6733.20
       2455621.00000   6723.10
       2455621.02083   6755.07
       2455621.04167   6726.25
       2455621.06250   6731.48
       2455621.08333   6729.63
       2455621.10417   6637.16
       2455621.12500   6618.37
       2455621.14583   6719.72
       2455621.16667   6757.79
       2455621.18750   6789.09
       2455621.20833   6734.27
       2455621.22917   6594.05
       2455621.25000   6469.22
       2455621.27083   6305.55
       2455621.29167   6270.86
       2455621.31250   6212.16
       2455621.33333   6222.32
       2455621.35417   6016.31
       2455621.37500   5837.27
       2455621.39583   5602.50
       2455621.41667   5294.43
       2455621.43750   5092.28
       2455621.45833   5040.00
       2455621.47917   5261.37
