       2455593.50000     25.60
       2455593.52083     25.70
       2455593.54167     25.40
       2455593.56250     25.80
       2455593.58333     25.70
       2455593.60417     27.40
       2455593.62500     28.30
       2455593.64583     25.70
       2455593.66667     26.40
       2455593.68750     28.60
       2455593.70833     29.00
       2455593.72917     29.20
       2455593.75000     29.80
       2455593.77083     30.00
       2455593.79167     30.50
       2455593.81250     31.30
       2455593.83333     32.30
       2455593.85417     33.70
       2455593.87500     34.30
       2455593.89583     36.30
       2455593.91667     37.50
       2455593.93750     37.30
       2455593.95833     37.60
       2455593.97917     37.80
       2455594.00000     38.90
       2455594.02083     38.80
       2455594.04167     39.40
       2455594.06250     39.30
       2455594.08333     28.50
       2455594.10417     26.30
       2455594.12500     24.50
       2455594.14583     24.70
       2455594.16667     22.90
       2455594.18750     22.50
       2455594.20833     22.30
       2455594.22917     22.30
       2455594.25000     22.30
       2455594.27083     21.90
       2455594.29167     21.70
       2455594.31250     21.60
       2455594.33333     21.50
       2455594.35417     21.20
       2455594.37500     21.10
       2455594.39583     20.40
       2455594.41667     20.00
       2455594.43750     19.80
       2455594.45833     19.50
       2455594.47917     18.90
       2455594.50000     18.50
       2455594.52083     18.30
       2455594.54167     18.10
       2455594.56250     18.10
       2455594.58333     17.80
       2455594.60417     17.90
       2455594.62500     17.80
       2455594.64583     17.70
       2455594.66667     17.70
       2455594.68750     17.70
       2455594.70833     17.90
       2455594.72917     18.10
       2455594.75000     18.30
       2455594.77083     18.20
       2455594.79167     18.50
       2455594.81250     18.80
       2455594.83333     19.60
       2455594.85417     20.20
       2455594.87500     21.80
       2455594.89583     22.50
       2455594.91667     23.50
       2455594.93750     23.70
       2455594.95833     23.80
       2455594.97917     24.40
       2455595.00000     26.10
       2455595.02083     25.80
       2455595.04167     25.30
       2455595.06250     24.30
       2455595.08333     25.00
       2455595.10417     24.50
       2455595.12500     26.60
       2455595.14583     26.20
       2455595.16667     26.50
       2455595.18750     27.80
       2455595.20833     26.10
       2455595.22917     26.50
       2455595.25000     26.10
       2455595.27083     26.10
       2455595.29167     25.10
       2455595.31250     23.90
       2455595.33333     23.30
       2455595.35417     22.90
       2455595.37500     23.20
       2455595.39583     22.60
       2455595.41667     21.80
       2455595.43750     21.40
       2455595.45833     21.60
       2455595.47917     21.30
       2455595.50000     21.10
       2455595.52083     20.90
       2455595.54167     20.80
       2455595.56250     20.80
       2455595.58333     20.70
       2455595.60417     20.70
       2455595.62500     20.70
       2455595.64583     20.40
       2455595.66667     20.20
       2455595.68750     20.10
       2455595.70833     19.80
       2455595.72917     20.00
       2455595.75000     19.90
       2455595.77083     20.00
       2455595.79167     19.90
       2455595.81250     19.40
       2455595.83333     18.60
       2455595.85417     18.70
       2455595.87500     18.90
       2455595.89583     19.60
       2455595.91667     18.70
       2455595.93750     19.30
       2455595.95833     19.70
       2455595.97917     20.10
       2455596.00000     21.50
       2455596.02083     22.10
       2455596.04167     22.60
       2455596.06250     23.10
       2455596.08333     23.50
       2455596.10417     23.30
       2455596.12500     23.70
       2455596.14583     23.70
       2455596.16667     24.10
       2455596.18750     24.70
       2455596.20833     24.10
       2455596.22917     22.70
       2455596.25000     22.30
       2455596.27083     21.90
       2455596.29167     21.30
       2455596.31250     21.50
       2455596.33333     21.70
       2455596.35417     21.90
       2455596.37500     21.60
       2455596.39583     21.70
       2455596.41667     20.90
       2455596.43750     20.60
       2455596.45833     20.30
       2455596.47917     20.10
       2455596.50000     19.70
       2455596.52083     19.60
       2455596.54167     19.70
       2455596.56250     18.90
       2455596.58333     18.60
       2455596.60417     18.30
       2455596.62500     18.50
       2455596.64583     18.70
       2455596.66667     18.80
       2455596.68750     18.90
       2455596.70833     19.20
       2455596.72917     19.60
       2455596.75000     20.20
       2455596.77083     21.00
       2455596.79167     21.80
       2455596.81250     23.20
       2455596.83333     24.00
       2455596.85417     24.20
       2455596.87500     24.70
       2455596.89583     25.30
       2455596.91667     25.70
       2455596.93750     25.70
       2455596.95833     26.00
       2455596.97917     27.20
       2455597.00000     28.70
       2455597.02083     29.20
       2455597.04167     28.90
       2455597.06250     27.60
       2455597.08333     26.20
       2455597.10417     26.70
       2455597.12500     28.80
       2455597.14583     29.80
       2455597.16667     29.80
       2455597.18750     28.80
       2455597.20833     28.50
       2455597.22917     27.60
       2455597.25000     27.70
       2455597.27083     22.70
       2455597.29167     22.40
       2455597.31250     22.10
       2455597.33333     22.30
       2455597.35417     22.70
       2455597.37500     22.80
       2455597.39583     23.00
       2455597.41667     22.70
       2455597.43750     22.60
       2455597.45833     22.60
       2455597.47917     22.90
       2455597.50000     23.10
       2455597.52083     23.40
       2455597.54167     23.00
       2455597.56250     22.50
       2455597.58333     21.10
       2455597.60417     20.80
       2455597.62500     20.50
       2455597.64583     20.20
       2455597.66667     19.40
       2455597.68750     18.70
       2455597.70833     18.40
       2455597.72917     18.40
       2455597.75000     18.20
       2455597.77083     18.30
       2455597.79167     18.20
       2455597.81250     18.30
       2455597.83333     18.40
       2455597.85417     18.50
       2455597.87500     18.30
       2455597.89583     18.40
       2455597.91667     18.60
       2455597.93750     18.80
       2455597.95833     18.70
       2455597.97917     19.00
       2455598.00000     18.70
       2455598.02083     18.80
       2455598.04167     18.70
       2455598.06250     18.90
       2455598.08333     19.00
       2455598.10417     19.40
       2455598.12500     19.80
       2455598.14583     20.10
       2455598.16667     20.20
       2455598.18750     19.70
       2455598.20833     19.10
       2455598.22917     18.50
       2455598.25000     18.10
       2455598.27083     18.10
       2455598.29167     18.10
       2455598.31250     18.40
       2455598.33333     18.50
       2455598.35417     18.20
       2455598.37500     17.10
       2455598.39583     16.50
       2455598.41667     14.90
       2455598.43750     14.30
       2455598.45833     14.10
       2455598.47917     14.20
       2455598.50000     14.40
       2455598.52083     14.50
       2455598.54167     14.40
       2455598.56250     14.50
       2455598.58333     14.00
       2455598.60417     13.90
       2455598.62500     13.70
       2455598.64583     13.30
       2455598.66667     13.30
       2455598.68750     13.30
       2455598.70833     13.10
       2455598.72917     13.10
       2455598.75000     12.80
       2455598.77083     12.50
       2455598.79167     13.30
       2455598.81250     14.10
       2455598.83333     14.80
       2455598.85417     15.40
       2455598.87500     15.50
       2455598.89583     16.20
       2455598.91667     16.40
       2455598.93750     17.10
       2455598.95833     15.30
       2455598.97917     16.30
       2455599.00000     18.00
       2455599.02083     17.80
       2455599.04167     18.90
       2455599.06250     19.70
       2455599.08333     19.00
       2455599.10417     19.30
       2455599.12500     19.30
       2455599.14583     19.90
       2455599.16667     19.20
       2455599.18750     18.80
       2455599.20833     18.70
       2455599.22917     18.50
       2455599.25000     17.70
       2455599.27083     17.00
       2455599.29167     16.10
       2455599.31250     16.00
       2455599.33333     15.70
       2455599.35417     15.70
       2455599.37500     15.60
       2455599.39583     15.20
       2455599.41667     14.70
       2455599.43750     13.90
       2455599.45833     13.40
       2455599.47917     13.20
       2455599.50000     13.50
       2455599.52083     12.90
       2455599.54167     12.50
       2455599.56250     12.90
       2455599.58333     12.70
       2455599.60417     12.20
       2455599.62500     12.30
       2455599.64583     12.20
       2455599.66667     11.80
       2455599.68750     11.10
       2455599.70833     11.00
       2455599.72917     10.90
       2455599.75000     11.00
       2455599.77083     11.80
       2455599.79167     12.50
       2455599.81250     13.80
       2455599.83333     15.00
       2455599.85417     16.00
       2455599.87500     17.00
       2455599.89583     17.70
       2455599.91667     17.30
       2455599.93750     18.50
       2455599.95833     18.40
       2455599.97917     19.30
       2455600.00000     19.40
       2455600.02083     19.80
       2455600.04167     19.30
       2455600.06250     20.60
       2455600.08333     20.20
       2455600.10417     20.70
       2455600.12500     21.10
       2455600.14583     20.40
       2455600.16667     20.20
       2455600.18750     20.90
       2455600.20833     20.50
       2455600.22917     19.30
       2455600.25000     18.80
       2455600.27083     18.60
       2455600.29167     18.20
       2455600.31250     18.10
       2455600.33333     17.90
       2455600.35417     17.90
       2455600.37500     17.80
       2455600.39583     17.50
       2455600.41667     17.70
       2455600.43750     17.50
       2455600.45833     17.50
       2455600.47917     17.30
       2455600.50000     16.40
       2455600.52083     16.70
       2455600.54167     15.70
       2455600.56250     16.00
       2455600.58333     15.40
       2455600.60417     15.10
       2455600.62500     14.90
       2455600.64583     14.70
       2455600.66667     14.70
       2455600.68750     14.70
       2455600.70833     14.90
       2455600.72917     15.00
       2455600.75000     15.50
       2455600.77083     15.40
       2455600.79167     16.90
       2455600.81250     17.10
       2455600.83333     17.90
       2455600.85417     19.10
       2455600.87500     17.90
       2455600.89583     18.60
       2455600.91667     18.80
       2455600.93750     20.00
       2455600.95833     19.90
       2455600.97917     19.80
       2455601.00000     19.10
       2455601.02083     20.10
       2455601.04167     20.70
       2455601.06250     20.50
       2455601.08333     21.90
       2455601.10417     20.90
       2455601.12500     21.50
       2455601.14583     20.40
       2455601.16667     20.20
       2455601.18750     20.50
       2455601.20833     20.30
       2455601.22917     19.30
       2455601.25000     18.50
       2455601.27083     17.90
       2455601.29167     17.50
       2455601.31250     17.10
       2455601.33333     16.60
       2455601.35417     16.40
       2455601.37500     16.10
       2455601.39583     15.90
       2455601.41667     15.60
       2455601.43750     15.30
       2455601.45833     15.30
       2455601.47917     15.10
       2455601.50000     14.90
       2455601.52083     14.90
       2455601.54167     14.70
       2455601.56250     14.40
       2455601.58333     14.00
       2455601.60417     14.00
       2455601.62500     13.70
       2455601.64583     13.50
       2455601.66667     14.40
       2455601.68750     14.30
       2455601.70833     13.90
       2455601.72917     14.20
       2455601.75000     13.50
       2455601.77083     13.20
       2455601.79167     13.90
       2455601.81250     14.00
       2455601.83333     14.70
       2455601.85417     16.00
       2455601.87500     16.90
       2455601.89583     17.70
       2455601.91667     18.80
       2455601.93750     19.60
       2455601.95833     21.00
       2455601.97917     22.20
       2455602.00000     24.30
       2455602.02083     25.60
       2455602.04167     26.20
       2455602.06250     26.10
       2455602.08333     23.40
       2455602.10417     23.70
       2455602.12500     24.80
       2455602.14583     25.00
       2455602.16667     24.20
       2455602.18750     24.10
       2455602.20833     22.80
       2455602.22917     23.40
       2455602.25000     24.20
       2455602.27083     23.10
       2455602.29167     22.10
       2455602.31250     21.80
       2455602.33333     21.50
       2455602.35417     21.20
       2455602.37500     21.20
       2455602.39583     20.90
       2455602.41667     20.70
       2455602.43750     20.50
       2455602.45833     20.20
       2455602.47917     19.70
       2455602.50000     20.00
       2455602.52083     19.70
       2455602.54167     19.20
       2455602.56250     18.90
       2455602.58333     19.00
       2455602.60417     18.80
       2455602.62500     18.50
       2455602.64583     18.60
       2455602.66667     18.60
       2455602.68750     18.80
       2455602.70833     18.90
       2455602.72917     18.90
       2455602.75000     19.10
       2455602.77083     19.10
       2455602.79167     19.30
       2455602.81250     20.30
       2455602.83333     20.90
       2455602.85417     21.60
       2455602.87500     22.20
       2455602.89583     24.40
       2455602.91667     25.50
       2455602.93750     26.10
       2455602.95833     26.90
       2455602.97917     27.00
       2455603.00000     27.00
       2455603.02083     27.60
       2455603.04167     27.70
       2455603.06250     27.60
       2455603.08333     28.00
       2455603.10417     28.10
       2455603.12500     28.40
       2455603.14583     28.60
       2455603.16667     28.70
       2455603.18750     28.80
       2455603.20833     29.10
       2455603.22917     29.40
       2455603.25000     29.30
       2455603.27083     29.00
       2455603.29167     28.20
       2455603.31250     27.70
       2455603.33333     28.00
       2455603.35417     24.20
       2455603.37500     24.00
       2455603.39583     23.80
       2455603.41667     23.80
       2455603.43750     23.90
       2455603.45833     24.10
       2455603.47917     23.60
       2455603.50000     23.10
       2455603.52083     23.10
       2455603.54167     23.00
       2455603.56250     23.40
       2455603.58333     23.70
       2455603.60417     23.80
       2455603.62500     23.90
       2455603.64583     22.90
       2455603.66667     22.40
       2455603.68750     22.20
       2455603.70833     22.20
       2455603.72917     22.00
       2455603.75000     22.20
       2455603.77083     22.70
       2455603.79167     23.40
       2455603.81250     23.40
       2455603.83333     23.20
       2455603.85417     22.50
       2455603.87500     22.90
       2455603.89583     23.40
       2455603.91667     24.60
       2455603.93750     25.40
       2455603.95833     25.60
       2455603.97917     23.80
       2455604.00000     23.00
       2455604.02083     23.10
       2455604.04167     22.00
       2455604.06250     22.00
       2455604.08333     21.00
       2455604.10417     20.90
       2455604.12500     20.80
       2455604.14583     20.30
       2455604.16667     19.80
       2455604.18750     19.90
       2455604.20833     19.30
       2455604.22917     19.10
       2455604.25000     19.00
       2455604.27083     18.40
       2455604.29167     18.30
       2455604.31250     18.00
       2455604.33333     17.70
       2455604.35417     17.90
       2455604.37500     18.00
       2455604.39583     17.90
       2455604.41667     18.00
       2455604.43750     18.00
       2455604.45833     17.90
       2455604.47917     17.90
       2455604.50000     17.90
       2455604.52083     17.70
       2455604.54167     16.70
       2455604.56250     16.10
       2455604.58333     16.00
       2455604.60417     15.90
       2455604.62500     15.90
       2455604.64583     15.70
       2455604.66667     15.60
       2455604.68750     15.40
       2455604.70833     15.50
       2455604.72917     15.80
       2455604.75000     15.80
       2455604.77083     15.90
       2455604.79167     15.80
       2455604.81250     15.50
       2455604.83333     15.60
       2455604.85417     16.40
       2455604.87500     16.50
       2455604.89583     17.20
       2455604.91667     17.80
       2455604.93750     18.50
       2455604.95833     19.00
       2455604.97917     19.60
       2455605.00000     19.00
       2455605.02083     20.30
       2455605.04167     19.50
       2455605.06250     19.50
       2455605.08333     20.10
       2455605.10417     20.10
       2455605.12500     20.00
       2455605.14583     19.80
       2455605.16667     19.50
       2455605.18750     19.00
       2455605.20833     18.70
       2455605.22917     18.40
       2455605.25000     18.00
       2455605.27083     17.10
       2455605.29167     16.80
       2455605.31250     16.40
       2455605.33333     16.30
       2455605.35417     16.10
       2455605.37500     15.90
       2455605.39583     15.40
       2455605.41667     15.20
       2455605.43750     15.20
       2455605.45833     14.80
       2455605.47917     14.90
       2455605.50000     15.00
       2455605.52083     14.60
       2455605.54167     14.40
       2455605.56250     14.20
       2455605.58333     14.20
       2455605.60417     14.10
       2455605.62500     14.20
       2455605.64583     13.80
       2455605.66667     13.90
       2455605.68750     14.40
       2455605.70833     13.60
       2455605.72917     13.60
       2455605.75000     13.50
       2455605.77083     13.60
       2455605.79167     13.90
       2455605.81250     14.10
       2455605.83333     14.70
       2455605.85417     14.90
       2455605.87500     15.60
       2455605.89583     16.60
       2455605.91667     17.10
       2455605.93750     17.60
       2455605.95833     18.40
       2455605.97917     19.10
       2455606.00000     19.30
       2455606.02083     19.70
       2455606.04167     19.70
       2455606.06250     19.20
       2455606.08333     20.60
       2455606.10417     20.60
       2455606.12500     20.40
       2455606.14583     20.90
       2455606.16667     21.00
       2455606.18750     21.40
       2455606.20833     21.00
       2455606.22917     20.40
       2455606.25000     20.00
       2455606.27083     19.20
       2455606.29167     18.20
       2455606.31250     17.80
       2455606.33333     17.60
       2455606.35417     18.10
       2455606.37500     17.50
       2455606.39583     17.10
       2455606.41667     17.10
       2455606.43750     17.00
       2455606.45833     16.40
       2455606.47917     16.30
       2455606.50000     15.90
       2455606.52083     16.10
       2455606.54167     15.60
       2455606.56250     15.40
       2455606.58333     15.30
       2455606.60417     14.80
       2455606.62500     14.80
       2455606.64583     14.80
       2455606.66667     14.80
       2455606.68750     14.50
       2455606.70833     15.00
       2455606.72917     14.60
       2455606.75000     14.80
       2455606.77083     15.20
       2455606.79167     15.30
       2455606.81250     16.10
       2455606.83333     17.10
       2455606.85417     17.30
       2455606.87500     17.10
       2455606.89583     17.70
       2455606.91667     19.20
       2455606.93750     18.50
       2455606.95833     19.60
       2455606.97917     20.20
       2455607.00000     22.20
       2455607.02083     22.10
       2455607.04167     22.50
       2455607.06250     23.00
       2455607.08333     23.90
       2455607.10417     23.60
       2455607.12500     24.20
       2455607.14583     24.10
       2455607.16667     23.40
       2455607.18750     24.00
       2455607.20833     23.70
       2455607.22917     23.90
       2455607.25000     23.20
       2455607.27083     22.50
       2455607.29167     22.30
       2455607.31250     22.00
       2455607.33333     22.10
       2455607.35417     21.80
       2455607.37500     21.50
       2455607.39583     21.50
       2455607.41667     20.30
       2455607.43750     19.40
       2455607.45833     19.00
       2455607.47917     18.60
       2455607.50000     18.30
       2455607.52083     18.10
       2455607.54167     17.70
       2455607.56250     17.60
       2455607.58333     17.50
       2455607.60417     17.50
       2455607.62500     17.30
       2455607.64583     17.30
       2455607.66667     17.10
       2455607.68750     17.10
       2455607.70833     16.90
       2455607.72917     17.10
       2455607.75000     16.80
       2455607.77083     17.10
       2455607.79167     18.10
       2455607.81250     19.40
       2455607.83333     20.80
       2455607.85417     22.00
       2455607.87500     23.30
       2455607.89583     24.80
       2455607.91667     25.60
       2455607.93750     26.40
       2455607.95833     26.80
       2455607.97917     27.60
       2455608.00000     28.50
       2455608.02083     29.20
       2455608.04167     28.80
       2455608.06250     29.80
       2455608.08333     29.20
       2455608.10417     29.70
       2455608.12500     29.20
       2455608.14583     29.40
       2455608.16667     28.60
       2455608.18750     28.70
       2455608.20833     28.40
       2455608.22917     27.30
       2455608.25000     26.90
       2455608.27083     26.50
       2455608.29167     25.90
       2455608.31250     25.50
       2455608.33333     24.80
       2455608.35417     24.60
       2455608.37500     24.20
       2455608.39583     23.80
       2455608.41667     22.70
       2455608.43750     22.30
       2455608.45833     22.60
       2455608.47917     21.60
       2455608.50000     21.30
       2455608.52083     21.00
       2455608.54167     20.80
       2455608.56250     20.90
       2455608.58333     20.40
       2455608.60417     20.60
       2455608.62500     20.30
       2455608.64583     19.30
       2455608.66667     19.20
       2455608.68750     19.20
       2455608.70833     19.60
       2455608.72917     19.80
       2455608.75000     19.80
       2455608.77083     20.70
       2455608.79167     20.90
       2455608.81250     21.50
       2455608.83333     23.40
       2455608.85417     23.90
       2455608.87500     24.40
       2455608.89583     24.50
       2455608.91667     25.20
       2455608.93750     25.30
       2455608.95833     26.60
       2455608.97917     27.50
       2455609.00000     27.00
       2455609.02083     28.00
       2455609.04167     28.10
       2455609.06250     28.20
       2455609.08333     27.70
       2455609.10417     27.90
       2455609.12500     27.50
       2455609.14583     27.00
       2455609.16667     27.50
       2455609.18750     26.70
       2455609.20833     26.30
       2455609.22917     25.00
       2455609.25000     24.80
       2455609.27083     23.50
       2455609.29167     22.20
       2455609.31250     20.80
       2455609.33333     19.80
       2455609.35417     19.70
       2455609.37500     19.70
       2455609.39583     19.60
       2455609.41667     19.90
       2455609.43750     20.10
       2455609.45833     20.20
       2455609.47917     19.90
       2455609.50000     19.80
       2455609.52083     19.60
       2455609.54167     19.80
       2455609.56250     19.80
       2455609.58333     19.80
       2455609.60417     19.70
       2455609.62500     19.90
       2455609.64583     19.80
       2455609.66667     20.10
       2455609.68750     19.90
       2455609.70833     20.00
       2455609.72917     20.20
       2455609.75000     20.40
       2455609.77083     20.90
       2455609.79167     20.70
       2455609.81250     21.10
       2455609.83333     21.30
       2455609.85417     21.90
       2455609.87500     22.50
       2455609.89583     22.50
       2455609.91667     22.80
       2455609.93750     23.00
       2455609.95833     25.20
       2455609.97917     25.10
       2455610.00000     25.70
       2455610.02083     26.40
       2455610.04167     27.00
       2455610.06250     26.90
       2455610.08333     27.20
       2455610.10417     26.90
       2455610.12500     26.80
       2455610.14583     26.20
       2455610.16667     27.10
       2455610.18750     27.50
       2455610.20833     27.40
       2455610.22917     26.60
       2455610.25000     26.30
       2455610.27083     24.10
       2455610.29167     22.90
       2455610.31250     22.40
       2455610.33333     22.40
       2455610.35417     22.30
       2455610.37500     22.00
       2455610.39583     21.90
       2455610.41667     21.20
       2455610.43750     20.80
       2455610.45833     21.00
       2455610.47917     21.00
       2455610.50000     20.80
       2455610.52083     20.50
       2455610.54167     20.60
       2455610.56250     20.60
       2455610.58333     20.60
       2455610.60417     20.40
       2455610.62500     20.10
       2455610.64583     20.40
       2455610.66667     20.20
       2455610.68750     19.90
       2455610.70833     19.50
       2455610.72917     19.50
       2455610.75000     19.40
       2455610.77083     19.40
       2455610.79167     19.80
       2455610.81250     20.50
       2455610.83333     21.30
       2455610.85417     21.60
       2455610.87500     22.00
       2455610.89583     22.20
       2455610.91667     22.70
       2455610.93750     23.60
       2455610.95833     24.40
       2455610.97917     25.80
       2455611.00000     26.90
       2455611.02083     27.10
       2455611.04167     27.80
       2455611.06250     28.60
       2455611.08333     28.60
       2455611.10417     29.00
       2455611.12500     28.90
       2455611.14583     28.20
       2455611.16667     27.50
       2455611.18750     27.20
       2455611.20833     25.60
       2455611.22917     24.90
       2455611.25000     24.90
       2455611.27083     24.40
       2455611.29167     24.10
       2455611.31250     23.90
       2455611.33333     24.00
       2455611.35417     24.00
       2455611.37500     23.40
       2455611.39583     23.30
       2455611.41667     22.90
       2455611.43750     22.80
       2455611.45833     21.60
       2455611.47917     21.00
       2455611.50000     21.20
       2455611.52083     20.80
       2455611.54167     20.20
       2455611.56250     20.20
       2455611.58333     19.90
       2455611.60417     19.90
       2455611.62500     19.90
       2455611.64583     20.00
       2455611.66667     21.50
       2455611.68750     22.90
       2455611.70833     22.90
       2455611.72917     23.10
       2455611.75000     23.10
       2455611.77083     22.60
       2455611.79167     23.00
       2455611.81250     23.70
       2455611.83333     25.30
       2455611.85417     26.10
       2455611.87500     26.40
       2455611.89583     27.00
       2455611.91667     27.20
       2455611.93750     27.70
       2455611.95833     28.00
       2455611.97917     28.20
       2455612.00000     27.80
       2455612.02083     27.70
       2455612.04167     26.70
       2455612.06250     26.80
       2455612.08333     27.90
       2455612.10417     27.40
       2455612.12500     26.00
       2455612.14583     25.70
       2455612.16667     25.90
       2455612.18750     26.20
       2455612.20833     25.40
       2455612.22917     24.30
       2455612.25000     23.70
       2455612.27083     22.90
       2455612.29167     22.40
       2455612.31250     21.80
       2455612.33333     21.10
       2455612.35417     20.80
       2455612.37500     20.70
       2455612.39583     20.70
       2455612.41667     19.90
       2455612.43750     19.70
       2455612.45833     19.20
       2455612.47917     19.00
       2455612.50000     18.60
       2455612.52083     18.80
       2455612.54167     18.20
       2455612.56250     17.90
       2455612.58333     17.70
       2455612.60417     17.60
       2455612.62500     16.90
       2455612.64583     16.80
       2455612.66667     16.60
       2455612.68750     17.10
       2455612.70833     17.60
       2455612.72917     18.10
       2455612.75000     17.80
       2455612.77083     17.90
       2455612.79167     18.00
       2455612.81250     19.50
       2455612.83333     20.30
       2455612.85417     20.30
       2455612.87500     21.20
       2455612.89583     21.80
       2455612.91667     20.10
       2455612.93750     18.00
       2455612.95833     18.00
       2455612.97917     18.20
       2455613.00000     19.70
       2455613.02083     19.10
       2455613.04167     20.40
       2455613.06250     19.00
       2455613.08333     20.50
       2455613.10417     20.40
       2455613.12500     19.10
       2455613.14583     20.80
       2455613.16667     19.90
       2455613.18750     19.50
       2455613.20833     18.90
       2455613.22917     18.30
       2455613.25000     17.40
       2455613.27083     16.90
       2455613.29167     16.50
       2455613.31250     16.50
       2455613.33333     15.90
       2455613.35417     15.40
       2455613.37500     15.00
       2455613.39583     14.50
       2455613.41667     14.30
       2455613.43750     14.20
       2455613.45833     13.80
       2455613.47917     13.50
       2455613.50000     13.40
       2455613.52083     13.20
       2455613.54167     12.90
       2455613.56250     12.60
       2455613.58333     12.30
       2455613.60417     12.10
       2455613.62500     11.90
       2455613.64583     11.90
       2455613.66667     11.90
       2455613.68750     12.10
       2455613.70833     12.10
       2455613.72917     12.40
       2455613.75000     12.20
       2455613.77083     12.80
       2455613.79167     13.10
       2455613.81250     13.80
       2455613.83333     15.20
       2455613.85417     15.60
       2455613.87500     17.10
       2455613.89583     16.10
       2455613.91667     17.50
       2455613.93750     17.00
       2455613.95833     17.10
       2455613.97917     17.20
       2455614.00000     18.20
       2455614.02083     17.10
       2455614.04167     19.40
       2455614.06250     18.40
       2455614.08333     17.50
       2455614.10417     18.00
       2455614.12500     18.70
       2455614.14583     19.00
       2455614.16667     18.40
       2455614.18750     18.70
       2455614.20833     18.20
       2455614.22917     17.40
       2455614.25000     17.20
       2455614.27083     16.70
       2455614.29167     16.70
       2455614.31250     15.80
       2455614.33333     15.60
       2455614.35417     16.10
       2455614.37500     16.20
       2455614.39583     16.30
       2455614.41667     15.60
       2455614.43750     15.40
       2455614.45833     15.30
       2455614.47917     15.00
       2455614.50000     14.60
       2455614.52083     14.30
       2455614.54167     14.30
       2455614.56250     14.40
       2455614.58333     14.20
       2455614.60417     14.10
       2455614.62500     14.50
       2455614.64583     14.10
       2455614.66667     14.00
       2455614.68750     14.20
       2455614.70833     14.30
       2455614.72917     14.50
       2455614.75000     14.90
       2455614.77083     15.00
       2455614.79167     14.90
       2455614.81250     15.10
       2455614.83333     15.60
       2455614.85417     16.20
       2455614.87500     17.00
       2455614.89583     17.10
       2455614.91667     19.00
       2455614.93750     17.80
       2455614.95833     18.80
       2455614.97917     18.30
       2455615.00000     18.80
       2455615.02083     18.90
       2455615.04167     19.50
       2455615.06250     19.20
       2455615.08333     21.00
       2455615.10417     20.40
       2455615.12500     20.40
       2455615.14583     19.40
       2455615.16667     19.70
       2455615.18750     19.10
       2455615.20833     18.80
       2455615.22917     18.40
       2455615.25000     18.00
       2455615.27083     18.10
       2455615.29167     17.80
       2455615.31250     17.40
       2455615.33333     17.20
       2455615.35417     17.00
       2455615.37500     16.70
       2455615.39583     16.40
       2455615.41667     16.30
       2455615.43750     16.20
       2455615.45833     16.30
       2455615.47917     16.10
       2455615.50000     16.00
       2455615.52083     16.00
       2455615.54167     16.00
       2455615.56250     15.90
       2455615.58333     15.80
       2455615.60417     15.60
       2455615.62500     15.50
       2455615.64583     15.60
       2455615.66667     15.70
       2455615.68750     15.60
       2455615.70833     15.70
       2455615.72917     15.90
       2455615.75000     16.00
       2455615.77083     16.20
       2455615.79167     16.10
       2455615.81250     16.40
       2455615.83333     16.70
       2455615.85417     16.70
       2455615.87500     17.30
       2455615.89583     17.50
       2455615.91667     19.10
       2455615.93750     19.40
       2455615.95833     20.40
       2455615.97917     21.30
       2455616.00000     21.10
       2455616.02083     20.50
       2455616.04167     20.50
       2455616.06250     21.30
       2455616.08333     21.00
       2455616.10417     22.30
       2455616.12500     22.10
       2455616.14583     22.90
       2455616.16667     22.50
       2455616.18750     22.40
       2455616.20833     21.60
       2455616.22917     21.40
       2455616.25000     20.40
       2455616.27083     19.40
       2455616.29167     18.70
       2455616.31250     18.20
       2455616.33333     17.60
       2455616.35417     17.40
       2455616.37500     17.20
       2455616.39583     16.30
       2455616.41667     16.20
       2455616.43750     16.00
       2455616.45833     15.90
       2455616.47917     15.90
       2455616.50000     16.20
       2455616.52083     16.10
       2455616.54167     16.00
       2455616.56250     15.80
       2455616.58333     15.60
       2455616.60417     15.40
       2455616.62500     14.90
       2455616.64583     14.70
       2455616.66667     14.60
       2455616.68750     14.10
       2455616.70833     13.90
       2455616.72917     14.20
       2455616.75000     14.00
       2455616.77083     14.00
       2455616.79167     14.80
       2455616.81250     15.50
       2455616.83333     15.80
       2455616.85417     16.80
       2455616.87500     17.60
       2455616.89583     18.80
       2455616.91667     20.20
       2455616.93750     20.40
       2455616.95833     20.50
       2455616.97917     21.50
       2455617.00000     21.80
       2455617.02083     20.30
       2455617.04167     21.90
       2455617.06250     22.40
       2455617.08333     21.90
       2455617.10417     22.60
       2455617.12500     23.90
       2455617.14583     24.10
       2455617.16667     23.90
       2455617.18750     23.50
       2455617.20833     22.30
       2455617.22917     22.70
       2455617.25000     22.00
       2455617.27083     21.50
       2455617.29167     19.70
       2455617.31250     19.80
       2455617.33333     19.00
       2455617.35417     18.60
       2455617.37500     18.20
       2455617.39583     17.90
       2455617.41667     17.40
       2455617.43750     17.40
       2455617.45833     17.30
       2455617.47917     17.30
       2455617.50000     17.20
       2455617.52083     17.20
       2455617.54167     17.30
       2455617.56250     17.00
       2455617.58333     16.90
       2455617.60417     16.80
       2455617.62500     16.90
       2455617.64583     16.80
       2455617.66667     16.60
       2455617.68750     16.70
       2455617.70833     16.70
       2455617.72917     16.80
       2455617.75000     16.90
       2455617.77083     16.80
       2455617.79167     16.90
       2455617.81250     17.40
       2455617.83333     17.40
       2455617.85417     17.70
       2455617.87500     18.40
       2455617.89583     18.90
       2455617.91667     18.60
       2455617.93750     19.70
       2455617.95833     20.20
       2455617.97917     21.20
       2455618.00000     21.30
       2455618.02083     21.80
       2455618.04167     22.10
       2455618.06250     21.70
       2455618.08333     22.20
       2455618.10417     22.00
       2455618.12500     22.00
       2455618.14583     21.00
       2455618.16667     21.60
       2455618.18750     21.90
       2455618.20833     21.60
       2455618.22917     22.10
       2455618.25000     21.20
       2455618.27083     20.60
       2455618.29167     20.40
       2455618.31250     20.40
       2455618.33333     20.10
       2455618.35417     19.80
       2455618.37500     19.30
       2455618.39583     19.10
       2455618.41667     18.70
       2455618.43750     18.30
       2455618.45833     17.60
       2455618.47917     17.40
       2455618.50000     17.40
       2455618.52083     17.70
       2455618.54167     17.30
       2455618.56250     16.80
       2455618.58333     16.70
       2455618.60417     16.60
       2455618.62500     16.20
       2455618.64583     16.10
       2455618.66667     16.00
       2455618.68750     16.00
       2455618.70833     15.80
       2455618.72917     15.70
       2455618.75000     15.60
       2455618.77083     15.80
       2455618.79167     17.20
       2455618.81250     18.30
       2455618.83333     19.30
       2455618.85417     19.70
       2455618.87500     20.70
       2455618.89583     22.30
       2455618.91667     24.00
       2455618.93750     25.30
       2455618.95833     26.90
       2455618.97917     28.80
       2455619.00000     29.30
       2455619.02083     29.20
       2455619.04167     27.80
       2455619.06250     28.70
       2455619.08333     28.20
       2455619.10417     27.60
       2455619.12500     27.30
       2455619.14583     27.80
       2455619.16667     27.90
       2455619.18750     27.90
       2455619.20833     25.20
       2455619.22917     25.00
       2455619.25000     23.30
       2455619.27083     22.90
       2455619.29167     22.30
       2455619.31250     20.80
       2455619.33333     20.40
       2455619.35417     21.00
       2455619.37500     20.70
       2455619.39583     20.60
       2455619.41667     19.80
       2455619.43750     20.00
       2455619.45833     20.20
       2455619.47917     19.90
       2455619.50000     20.20
       2455619.52083     19.80
       2455619.54167     19.80
       2455619.56250     19.70
       2455619.58333     20.20
       2455619.60417     19.90
       2455619.62500     20.10
       2455619.64583     20.00
       2455619.66667     19.80
       2455619.68750     19.80
       2455619.70833     19.50
       2455619.72917     19.50
       2455619.75000     19.60
       2455619.77083     19.30
       2455619.79167     18.80
       2455619.81250     18.30
       2455619.83333     18.10
       2455619.85417     18.10
       2455619.87500     18.00
       2455619.89583     17.80
       2455619.91667     17.80
       2455619.93750     17.90
       2455619.95833     18.10
       2455619.97917     18.50
       2455620.00000     18.40
       2455620.02083     17.90
       2455620.04167     18.30
       2455620.06250     18.60
       2455620.08333     18.30
       2455620.10417     18.50
       2455620.12500     19.00
       2455620.14583     19.00
       2455620.16667     18.70
       2455620.18750     18.90
       2455620.20833     18.60
       2455620.22917     18.30
       2455620.25000     18.30
       2455620.27083     18.10
       2455620.29167     17.90
       2455620.31250     17.70
       2455620.33333     17.80
       2455620.35417     17.80
       2455620.37500     17.50
       2455620.39583     17.40
       2455620.41667     17.10
       2455620.43750     16.90
       2455620.45833     16.80
       2455620.47917     16.70
       2455620.50000     16.60
       2455620.52083     16.60
       2455620.54167     16.50
       2455620.56250     16.40
       2455620.58333     16.30
       2455620.60417     16.20
       2455620.62500     16.20
       2455620.64583     16.10
       2455620.66667     16.10
       2455620.68750     16.10
       2455620.70833     16.10
       2455620.72917     16.30
       2455620.75000     16.30
       2455620.77083     16.30
       2455620.79167     16.30
       2455620.81250     16.50
       2455620.83333     16.50
       2455620.85417     16.70
       2455620.87500     16.70
       2455620.89583     16.90
       2455620.91667     17.00
       2455620.93750     17.30
       2455620.95833     17.40
       2455620.97917     17.60
       2455621.00000     17.80
       2455621.02083     17.80
       2455621.04167     17.30
       2455621.06250     17.60
       2455621.08333     17.60
       2455621.10417     17.30
       2455621.12500     17.70
       2455621.14583     17.40
       2455621.16667     17.60
       2455621.18750     17.50
       2455621.20833     17.30
       2455621.22917     17.10
       2455621.25000     16.90
       2455621.27083     16.80
       2455621.29167     16.90
       2455621.31250     16.70
       2455621.33333     16.60
       2455621.35417     16.70
       2455621.37500     16.60
       2455621.39583     16.30
       2455621.41667     16.20
       2455621.43750     16.10
       2455621.45833     15.30
       2455621.47917     15.30
